3,2
3,1
3,3
10,170
10,301
10,100
10,24
10,275
10,77
10,123
10,25
11,30
11,26
11,12
11,24
11,15
38,3
38,2
38,1
38,0
37,3
37,2
37,1
37,0
36,3
36,2
36,1
36,0
30,3
30,1
20,3
20,2
20,1
19,3
19,2
19,1
12,3
12,2
12,1
11,29
11,28
11,27
11,23
11,20
11,19
11,18
11,17
11,16
11,14
11,10
11,9
11,8
11,7
11,6
11,5
11,3
11,2
11,1
10,297
10,274
10,266
10,260
10,249
18,1
18,3
14,1
14,3
13,1
13,3
10,228
10,222
10,201
10,200
10,195
10,189
10,175
10,174
10,164
10,148
10,147
10,109
10,107
10,94
10,91
10,86
10,31
10,21
10,3
2,2
2,1
2,3
10,2
10,1
9,7
9,6
9,5
9,4
9,3
9,2
